# Unnamed
#AA,Beta,Periplasm,Membrane,Inside,Outside,Signal
0 Y,0.0,0.0,0.0,0.98446,0.00068,0.01486
1 Y,0.0,0.0,2e-05,0.98445,0.00066,0.01486
2 N,0.0,0.0,3e-05,0.98445,0.00065,0.01486
3 I,0.0,0.0,4e-05,0.98445,0.00064,0.01486
4 H,0.0,0.0,5e-05,0.98445,0.00063,0.01486
5 I,0.0,0.0,6e-05,0.98445,0.00063,0.01486
6 A,0.0,0.0,6e-05,0.98445,0.00063,0.01486
7 N,0.0,0.0,7e-05,0.98445,0.00062,0.01486
8 A,0.0,0.0,7e-05,0.98444,0.00062,0.01486
9 F,0.0,0.0,9e-05,0.98443,0.00062,0.01486
10 L,0.0,4e-05,9e-05,0.98442,0.00129,0.01416
11 P,0.0,0.0001,8e-05,0.98443,0.00215,0.01324
12 S,0.0,0.00017,8e-05,0.98444,0.0031,0.01221
13 I,0.0,0.00026,8e-05,0.98444,0.00403,0.01119
14 E,0.0,0.00035,7e-05,0.98444,0.00491,0.01023
15 T,0.0,0.00046,7e-05,0.98445,0.00568,0.00934
16 P,0.0,0.00055,6e-05,0.98445,0.00637,0.00857
17 G,0.0,0.00067,6e-05,0.98445,0.00715,0.00767
18 F,0.0,0.00087,5e-05,0.98445,0.00801,0.00661
19 I,0.0,0.00108,4e-05,0.98445,0.00896,0.00546
20 Q,0.0,0.00133,3e-05,0.98445,0.00995,0.00423
21 E,0.0,0.00165,2e-05,0.98446,0.01076,0.00311
22 N,0.0,0.002,2e-05,0.98446,0.01146,0.00207
23 L,0.0,0.00235,1e-05,0.98446,0.01211,0.00107
24 K,0.0,0.00278,0.0,0.98446,0.01276,0.0
