# Unnamed
#AA,Beta,Periplasm,Membrane,Inside,Outside,Signal
0 V,0.0,0.0,0.0,0.92933,0.00825,0.06242
1 K,0.0,0.0,0.0,0.92933,0.00825,0.06242
2 A,0.0,0.0,0.0,0.92933,0.00825,0.06242
3 D,0.0,0.0,1e-05,0.92933,0.00824,0.06242
4 R,0.0,0.0,1e-05,0.92933,0.00824,0.06242
5 D,0.0,0.0,2e-05,0.92932,0.00824,0.06242
6 E,0.0,0.0,5e-05,0.9293,0.00823,0.06242
7 S,0.0,0.0,8e-05,0.92928,0.00822,0.06242
8 S,0.0,0.0,0.00011,0.92925,0.00822,0.06242
9 P,0.0,0.0,0.00016,0.9292,0.00821,0.06242
10 Y,0.0,0.0002,0.00022,0.92915,0.01186,0.05857
11 A,0.0,0.00038,0.00029,0.92909,0.01478,0.05547
12 A,0.0,0.00059,0.00032,0.92906,0.01853,0.05149
13 M,0.0,0.00084,0.00032,0.92906,0.02216,0.04761
14 M,0.0,0.00117,0.00032,0.92906,0.02645,0.043
15 A,0.0,0.00167,0.0003,0.92907,0.03219,0.03677
16 A,0.0,0.00226,0.00029,0.92907,0.03706,0.03132
17 Q,0.0,0.00313,0.00026,0.92908,0.04216,0.02538
18 D,0.0,0.00406,0.00022,0.92909,0.04637,0.02025
19 V,0.0,0.00504,0.00019,0.92909,0.05016,0.01552
20 A,0.0,0.00617,0.00013,0.92909,0.05392,0.01068
21 A,0.0,0.00752,6e-05,0.9291,0.05766,0.00565
22 R,0.0,0.00936,0.0,0.92911,0.06153,0.0
